{"orthonormalized": [{"__ndarray__": [[0.2842676218074806, -0.07058897867527093, -0.26327285049763605, -0.4798723261726212, 0.7317215990772443], [0.0, 0.0, -0.4449225971840308, -0.1724636594975007, -0.3024976018026239], [-0.6396021490668313, 0.2347850812460098, -0.09984512648744588, -0.4634935673982094, -0.2293510812010142], [0.07106690545187015, 0.05831263455783249, 0.41783961125483127, -0.23778973890773283, 0.023371228026121134], [0.2842676218074806, 0.23325053823132996, 0.6543925085986829, -0.20386104064186125, -0.1387949821121991], [-0.5685352436149612, -0.3145813180093595, 0.3259145263371607, -0.1949881022683714, 0.33110922448642416], [-0.2842676218074806, 0.6023081332618224, 0.010046376397208175, 0.5104242235522618, 0.43577805868641606], [-0.1421338109037403, -0.6483444237022165, 0.11671133287995672, 0.35846341217807487, 0.03362569802918625]], "dtype": "float64", "shape": [8, 5], "Corder": true}, {"__ndarray__": [[-0.2526455763199557, 0.3117051507504843, -0.7041110696357812, 0.5794179910723902, -0.08667470795778212, 0.0], [0.5895063447465633, -0.01903542905346467, -0.6040568216566338, -0.49683203464008446, -0.20098061476116638, 0.0], [-0.5895063447465633, 0.46636801180988485, -0.010732825259862437, -0.5704623528194294, -0.33081816386302537, 0.0], [0.2526455763199557, 0.6947931604514613, 0.06921833790637852, -0.08001797285750306, 0.6650102425324597, 0.0], [0.42107596053325946, 0.4497120113881033, 0.3666559504301839, 0.2925791329068532, -0.6327835390367487, 0.0]], "dtype": "float64", "shape": [5, 6], "Corder": true}, {"__ndarray__": [[0.1638463841038081, -0.6765965868849095, 0.21970735114294068, -0.6368913694580756, 0.2454804638206383, -0.0347681790977294, 0.0, 0.0], [0.6553855364152325, 0.5185044775710502, -0.29250328030041134, -0.40489643707553025, 0.18378958579646942, -0.13544371453224274, 0.0, 0.0], [-0.3276927682076162, -0.18914591650051016, -0.7554502013773787, 0.05920951740000823, 0.5026062124406564, -0.1732555726082336, 0.0, 0.0], [0.40961596025952024, -0.35947134379698953, -0.44513281152483675, 0.16564370149818533, -0.3517956646598816, 0.5946880465201435, 0.0, 0.0], [-0.4915391523114243, 0.2070253812443395, -0.2474181882240323, -0.626986720865069, -0.48284458480594716, 0.1675194083799863, 0.0, 0.0], [-0.1638463841038081, 0.25595865317481975, 0.19001716855605677, -0.07982673621954245, 0.5444709748933445, 0.7541299991501497, 0.0, 0.0]], "dtype": "float64", "shape": [6, 8], "Corder": true}, {"__ndarray__": [[-0.5188745216627708, -0.2172766230828786, 0.49991905584529317, 0.22185429865592654, 0.6200175058831554, 0.0], [-0.5188745216627708, 0.46747394663285996, -0.24309661830759416, 0.6067626207900454, -0.2915141440275862, 0.0], [0.14824986333222023, -0.5126223358448867, 0.4519112141779118, 0.42751951742913563, -0.5729255060933446, 0.0], [-0.29649972666444047, -0.686631752599573, -0.662287040671559, 0.02718019539132733, 0.035522684962557, 0.0], [-0.5929994533288809, -0.0037623657676689177, 0.21940169103477064, -0.6317500228536053, -0.4484331606282379, 0.0]], "dtype": "float64", "shape": [5, 6], "Corder": true}, {"__ndarray__": [[-0.11043152607484653, 0.9938837346736188, 0.0, 0.0], [0.9938837346736188, 0.11043152607484745, 0.0, 0.0]], "dtype": "float64", "shape": [2, 4], "Corder": true}, {"__ndarray__": [[-0.24388430433987693, -0.6474136054327327, -0.12608458023486618, 0.4057268347567904, 0.583836007610423, 0.0, 0.0], [0.3658264565098154, -0.4992251253899685, -0.646158995063432, -0.29471553559821817, -0.3355094396175963, 0.0, 0.0], [-0.5487396847647231, -0.06802094165897377, -0.021636670123009714, -0.7963700665541174, 0.24409932704273773, 0.0, 0.0], [-0.3658264565098154, 0.4992251253899685, -0.7415816305125964, 0.2500684086524888, 0.06684126103787442, 0.0, 0.0], [-0.6097107608496923, -0.2788858608017926, 0.12716041647415366, 0.2275719594455655, -0.6946342177759154, 0.0, 0.0]], "dtype": "float64", "shape": [5, 7], "Corder": true}, {"__ndarray__": [[-0.5286548803640718, 0.42806346806446366, 0.2997895557748675], [-0.2643274401820359, 0.6579924866896693, -0.607671292556868], [-0.6608186004550898, -0.6192186218287578, -0.4195680418745984], [0.46257302031856284, -0.01938693243045577, -0.6040070203963595]], "dtype": "float64", "shape": [4, 3], "Corder": true}, {"__ndarray__": [[0.6897304947150052, -0.47084917527896375, -0.13828539597625336, 0.5324002705286733, 0.0], [0.4926646390821466, 0.5766989898765602, 0.650417007165155, 0.04071296186395753, 0.0], [0.4926646390821466, -0.17519969312705627, -0.16549003134238713, -0.8361816013597402, 0.0], [-0.19706585563285864, -0.6442238716026131, 0.7283185536400327, -0.12527065188909972, 0.0]], "dtype": "float64", "shape": [4, 5], "Corder": true}, {"__ndarray__": [[-0.6262242910851495, 0.5317477169741598, 0.4351517354248148, 0.36841616401081373, 0.0], [-0.4383570037596047, -0.36977710487888305, -0.6261797150798675, 0.5282111267142994, 0.0], [0.31311214554257477, -0.49569702429794554, 0.564030826227827, 0.581476114282128, 0.0], [-0.5636018619766345, -0.5786136174532384, 0.3168771980500065, -0.4971398839663995, 0.0]], "dtype": "float64", "shape": [4, 5], "Corder": true}, {"__ndarray__": [[-0.9284766908852594, 0.37139067635410367, 0.0, 0.0, 0.0], [-0.3713906763541037, -0.9284766908852593, 0.0, 0.0, 0.0]], "dtype": "float64", "shape": [2, 5], "Corder": true}, {"__ndarray__": [[0.5286548803640718, 0.026956578330638248, -0.6864654555183953, -0.0011155137803859976], [0.13216372009101796, 0.5732538176642058, 0.36040141123946073, -0.6475137866131669], [-0.6608186004550898, 0.5718889276221482, -0.34086949354971485, 0.28220225653300884], [0.3304093002275449, 0.4954550852669207, -0.2741876117775755, -0.023775480228349456], [0.39649116027305387, 0.3132422646522267, 0.4555273241764949, 0.7074752749902098]], "dtype": "float64", "shape": [5, 4], "Corder": true}, {"__ndarray__": [[-0.4424010108874648, -0.18356586759059035, -0.7356665035271467, -0.047797384397232585, 0.44661122314738066, -0.16623338657799558, 0.0], [0.49770113724839793, -0.49647020976460804, -0.3357988814801147, 0.09130583926358392, -0.4231927252700244, -0.4534547176836333, 0.0], [0.1659003790827993, 0.42750138953219696, 0.14026766659482512, -0.4344534190805516, 0.25749400635194675, -0.7176292017597317, 0.0], [-0.1659003790827993, -0.5996602003413453, 0.28338986844750386, -0.7222410197564917, 0.017112477067318374, 0.10319865947671643, 0.0], [-0.4424010108874648, 0.33291056483685455, -0.23906001667476023, -0.2918642884027977, -0.741295957193887, -0.03997187531685802, 0.0], [-0.553001263609331, -0.25815046962309596, 0.4346255622736187, 0.44024087378003185, -0.07301120672042856, -0.4893933947703215, 0.0]], "dtype": "float64", "shape": [6, 7], "Corder": true}, {"__ndarray__": [[-0.5549637743803867, -0.4399463326530146, 0.2696774219387509, -0.22416546393974948, 0.38293118688572025, 0.4602295725171807, 0.12947658497363412, 0.01657187431450427], [0.0, -0.36214674644050965, -0.6211620950519199, 0.30484221934460703, 0.09512958574150412, 0.20341784429615373, -0.35414358250813943, -0.4628525386396552], [-0.4316384911847452, -0.22146489880550815, 0.014238996219083111, 0.43706216919464425, 0.20672401184600575, -0.7114973067065921, 0.02227422154460787, 0.1547774121133572], [0.30831320798910367, 0.06334125603141995, 0.4157671761809098, -0.1182178110743147, 0.5258320377041086, -0.25251346634974997, -0.11465152453559405, -0.6005711454747241], [-0.12332528319564147, 0.08330752151958491, -0.5234198328700781, -0.7298101460477868, 0.24732753001503913, -0.32081599701217295, -0.02050864311087578, 0.0821288328325832], [0.12332528319564147, -0.6265276411803494, 0.12448217157973754, -0.28743568235416356, -0.545776866873081, -0.26414617795846773, 0.2305449217914711, -0.270817935377981], [0.4933011327825659, -0.45394566822517624, 0.0928468461282899, -0.04574534729701701, 0.22804981217399878, -0.00884356105369042, -0.41552564405894143, 0.5613623275429481], [-0.3699758495869244, 0.12920698241191822, 0.26510748130802664, -0.18570815254420364, -0.33768314545953837, -0.06359353129655879, -0.7860940768199625, -0.0750732328458676]], "dtype": "float64", "shape": [8, 8], "Corder": true}, {"__ndarray__": [[-0.051031036307982884, -0.3134251263497426, -0.2820612598078259], [-0.4592793267718459, 0.30077973220306714, -0.046509588299517665], [0.4082482904638631, -0.36645836098528983, -0.34707429116642313], [0.10206207261596577, -0.3145864380570904, 0.42218200949441614], [0.2551551815399144, -0.3652970492779421, 0.4572863457235266], [0.4592793267718459, 0.19471326293197272, 0.20061532553133601], [-0.4082482904638631, -0.6245276292847899, -0.21257116766257889], [0.4082482904638631, 0.12903463414975, -0.5701195304826527]], "dtype": "float64", "shape": [8, 3], "Corder": true}, {"__ndarray__": [[-0.6274558051381586, -0.7168205720497439, -0.25552800044264057, -0.09997395785576846], [0.0, 0.06048917784074251, 0.33977056091924945, -0.07570744218408682], [0.18823674154144757, -0.510823962473987, 0.7899784255371904, 0.1445885213343392], [-0.5019646441105269, 0.2733920321306, 0.14689248679022862, 0.8072660139766556], [-0.5647102246243427, 0.38317750844785314, 0.41667504296846075, -0.5582914410280599]], "dtype": "float64", "shape": [5, 4], "Corder": true}, {"__ndarray__": [[0.47301616487964016, 0.2086866242790058, -0.1741679395163094], [-0.47301616487964016, -0.5946863769572344, 0.16225680504790008], [-0.4054424270396916, -0.20093137810647516, -0.6004741407101595], [0.4054424270396916, -0.571068127249982, 0.482343199681945], [-0.47301616487964016, 0.4861129305418056, 0.5917044043433087]], "dtype": "float64", "shape": [5, 3], "Corder": true}, {"__ndarray__": [[-0.3779644730092272, -0.046494866959438996, 0.22631520201629562, 0.0507382121944738, -0.7245085146215878, 0.13829948163542655, 0.5049020556835315, -0.04714581037218505, 0.0], [0.314970394174356, 0.19243708824878916, 0.7341844646365102, 0.11200003023913241, -0.0349015754070236, 0.415930780585222, -0.22311925547283973, 0.29697145756104953, 0.0], [-0.1259881576697424, -0.25055567194808787, 0.13612756354149996, 0.6304229821893044, 0.3574593271240961, 0.28392113255924234, 0.1443401411879401, -0.525511686771604, 0.0], [0.0629940788348712, 0.5049859161427958, -0.43992729375096024, 0.536134307421563, -0.36659798145538686, 0.13851978197697443, -0.3261564080082835, 0.009227061111005078, 0.0], [-0.3779644730092272, -0.5346909700335485, -0.2169816999692763, 0.13086472018317097, 0.020762505168150664, 0.3368831380340691, -0.2571585070337924, 0.5718303616850674, 0.0], [0.0629940788348712, 0.34225388178475924, -0.3057322754304833, -0.1869036951628819, 0.311709710313861, 0.5683676030674623, 0.5435331104243352, 0.1866973301400245, 0.0], [0.44095855184409843, -0.3706674115933053, -0.2112614319598598, -0.32859049533488643, -0.32186202134308484, 0.4544955699427676, -0.2006159287304875, -0.40638649650186975, 0.0], [-0.629940788348712, 0.32029797238724644, 0.11181765909169744, -0.374136626253434, 0.10251271048941926, 0.2549072294434461, -0.4077672650335872, -0.3261007730790906, 0.0]], "dtype": "float64", "shape": [8, 9], "Corder": true}, {"__ndarray__": [[-0.4, -0.06975303806067483, 0.777929457778474, -0.4549222572222899, -0.05189075753728174], [0.2, 0.14860429847708986, 0.36257293791452305, 0.48153682916698404, -0.7535293261907323], [-0.2, -0.30024133773942646, -0.4536874543748451, -0.3538415762608772, -0.6025081830801478], [0.6, -0.7672834186674233, 0.20264227532761708, -0.07826457588976397, 0.05829117745069116], [0.2, 0.14860429847708986, 0.12833232781445955, 0.27501959307017715, 0.22242185869612166], [-0.6, -0.5216314150624379, -0.0011131231567566224, 0.5951495950911089, 0.11668525433739152]], "dtype": "float64", "shape": [6, 5], "Corder": true}, {"__ndarray__": [[0.8, -0.5999999999999999, 0.0], [0.6, 0.7999999999999999, 0.0]], "dtype": "float64", "shape": [2, 3], "Corder": true}, {"__ndarray__": [[-0.5019646441105269, 0.49754163355320585, 0.6539074814279676, 0.1590556090025034, -0.2083415268648106, 0.06468342991225838, 0.0], [-0.3137279025690793, 0.1539178503799099, -0.15787647840691924, -0.6950348421492492, -0.08945135876263245, -0.6015680665261003, 0.0], [-0.12549116102763172, -0.485321312729092, 0.09662300357480258, -0.33327797568468503, -0.682853990598234, 0.40251137318418345, 0.0], [0.3137279025690793, 0.06779368457186954, 0.44587436049835616, -0.5977516990497542, 0.46052795228491383, 0.35886179175185867, 0.0], [-0.37647348308289513, 0.39163218641088604, -0.5732800288752979, -0.13571588397097373, 0.12124619056819044, 0.5857666051473732, 0.0], [-0.6274558051381586, -0.579010439047298, 0.10339285092048206, 0.069482209867266, 0.505485960794354, -0.00349405251608818, 0.0]], "dtype": "float64", "shape": [6, 7], "Corder": true}, {"__ndarray__": [[-0.5144957554275266, 0.10224765630914034], [-0.4573295603800236, -0.5172812872377309], [0.2858309752375147, -0.5088210792688896], [0.3429971702850177, -0.6105852951226676], [-0.3429971702850177, -0.2030449912521934], [-0.4573295603800236, -0.22141572855596328]], "dtype": "float64", "shape": [6, 2], "Corder": true}, {"__ndarray__": [[-0.06509445549041194, -0.07850858260131006, 0.6332689293107733, 0.1521406712712541, -0.1420019912860729, -0.7384160264429853], [0.19528336647123581, -0.5267031490973966, 0.3583530503484947, -0.5330535875633643, 0.5023713483562109, 0.1396717292549261], [-0.6509445549041194, 0.15304204709622465, -0.32589705570231453, -0.2509805168391248, 0.48630542519405673, -0.3836094901586841], [-0.5858500994137075, -0.6479442513424578, -0.036684991313850016, 0.024261265662116883, -0.4498901644791099, 0.18058889909115322], [-0.39056673294247163, 0.2325444092241336, 0.5178396054373925, 0.4249065840369379, 0.34503851407496733, 0.47500072267808724], [0.19528336647123581, -0.4680701570280638, -0.3079626893193832, 0.6697623869169255, 0.41171927324122, -0.17274056263548968]], "dtype": "float64", "shape": [6, 6], "Corder": true}, {"__ndarray__": [[-0.4295465639130129, -0.09231938329466756, 0.17913886732921716, -0.5512831273332223, -0.12350466666359831], [0.19090958396133906, 0.3667095392066349, -0.42548664802756797, 0.3699247194838233, 0.11268861080368484], [-0.47727395990334764, 0.4360453764515869, -0.2969298973474493, 0.1159947648570045, 0.18303859455507906], [-0.2863643759420086, -0.2682269703790827, -0.40476740073958734, 0.1748309626369326, -0.6666340563548653], [0.2863643759420086, 0.3809619057514306, -0.10733152768555558, -0.464587647093544, -0.018042846437134427], [-0.4295465639130129, 0.3022528905085499, -0.22924935051426154, -0.2448800014912858, 0.0038101176459507495], [0.0, 0.4509397414893914, 0.4822704013065534, 0.2874504423061924, -0.5907456370929234], [0.23863697995167382, -0.27439015591196736, -0.4654020641474031, -0.13302216315896287, -0.19403402315787777], [-0.3818191679226781, -0.28247933692387844, 0.14699395595209946, 0.37294961432601836, 0.32737457281747356]], "dtype": "float64", "shape": [9, 5], "Corder": true}, {"__ndarray__": [[0.6187184335382291, -0.5556874570014753, -0.16395514886571705, -0.29157909419864253, -0.07908251427635933, 0.43617112129722996], [0.08838834764831843, 0.1952415389464643, -0.7729628130840843, 0.5254398558430828, 0.18261151620269583, 0.21716980246044348], [-0.17677669529663687, 0.4833252083010375, 0.1963026246168255, -0.16624631956756933, -0.08885924977367048, 0.8130671666899372], [-0.6187184335382291, -0.40550165781188735, -0.31087742368707344, -0.04410963447882661, -0.5851218836206536, 0.1086179285747131], [0.35355339059327373, 0.08191952683068432, 0.31570257217002134, 0.5963429484610782, -0.6426374054645929, 0.003651022809233996], [0.2651650429449553, 0.49834378821999625, -0.3752327167039482, -0.503672690261274, -0.44401865976724136, -0.29950396979170724]], "dtype": "float64", "shape": [6, 6], "Corder": true}, {"__ndarray__": [[0.19802950859533489, 0.6306147742991, -0.6414242519948059, -0.3894666213093094, 0.0, 0.0, 0.0, 0.0], [-0.39605901719066977, 0.3671934128830202, -0.24934571032643127, 0.803823966536883, 0.0, 0.0, 0.0, 0.0], [-0.09901475429766744, -0.6817025534828245, -0.7238981432109951, 0.03806816599263914, 0.0, 0.0, 0.0, 0.0], [-0.8911327886790069, 0.0526842722832159, 0.048714720058567626, -0.4480330305287545, 0.0, 0.0, 0.0, 0.0]], "dtype": "float64", "shape": [4, 8], "Corder": true}, {"__ndarray__": [[-0.4472135954999579, 0.8944271909999159, 0.0, 0.0, 0.0, 0.0], [-0.8944271909999159, -0.4472135954999579, 0.0, 0.0, 0.0, 0.0]], "dtype": "float64", "shape": [2, 6], "Corder": true}, {"__ndarray__": [[-0.10862508931871369, -0.48882890041891436, 0.24012185228282418, -0.11668333553791066, -0.34117476644214223, -0.7488849477047114, 0.027285622481641594], [-0.4888129019342116, 0.3384200079823253, 0.00552508279540451, -0.5977329361171034, 0.06269296828654693, -0.06433757584260044, 0.5302347816797286], [-0.2715627232967842, 0.35722111953689895, -0.614424286739761, 0.485907254289146, -0.1153706860316153, -0.4125046927659237, 0.0394103846294794], [0.10862508931871369, 0.09400555777286818, -0.3706190459266671, -0.4623590134779472, -0.6762885171411206, 0.1704687776332244, -0.37656798584813184], [-0.5431254465935684, 0.3196188964277517, 0.46007276737607555, 0.07994689234341767, -0.007789642540696688, -0.013833315373144953, -0.6201193548723234], [-0.2715627232967842, -0.43242556575519353, -0.46191446164121047, -0.2946653217061837, 0.5468946394461888, -0.04323666548810144, -0.3716262097994839], [-0.5431254465935684, -0.47002778886434077, -0.04902414734335225, 0.2932566482824871, -0.3314187557642777, 0.4834785578260855, 0.22824524227961643]], "dtype": "float64", "shape": [7, 7], "Corder": true}, {"__ndarray__": [[-0.3333333333333333, -0.9095880536541954, 0.2480694691784166, 0.0, 0.0, 0.0], [0.6666666666666666, -0.04134491152973617, 0.7442084075352507, 0.0, 0.0, 0.0], [0.6666666666666666, -0.4134491152973615, -0.6201736729460423, 0.0, 0.0, 0.0]], "dtype": "float64", "shape": [3, 6], "Corder": true}, {"__ndarray__": [[0.09950371902099892, -0.9950371902099893, 0.0], [-0.9950371902099892, -0.0995037190209989, 0.0]], "dtype": "float64", "shape": [2, 3], "Corder": true}, {"__ndarray__": [[-0.4982728791224398, 0.11413446727060673], [-0.6643638388299198, -0.6711788075316275], [-0.4982728791224398, 0.5258135158834917], [0.2491364395612199, -0.5099141871094768]], "dtype": "float64", "shape": [4, 2], "Corder": true}, {"__ndarray__": [[-0.31622776601683794, 0.9486832980505138, 0.0, 0.0, 0.0, 0.0], [0.9486832980505138, 0.316227766016838, 0.0, 0.0, 0.0, 0.0]], "dtype": "float64", "shape": [2, 6], "Corder": true}, {"__ndarray__": [[-0.7432941462471664, 0.6689647316224479], [-0.6689647316224497, -0.7432941462471678]], "dtype": "float64", "shape": [2, 2], "Corder": true}, {"__ndarray__": [[-0.19867985355975656, 0.6283802231262273, -0.0905002712557125, -0.03758099430148986, -0.6134539788818647, -0.4239530593559489, 0.0, 0.0, 0.0], [-0.19867985355975656, -0.019903445981373724, 0.7299496777156784, -0.1410470231568859, 0.32469038720222526, -0.5495320976497802, 0.0, 0.0, 0.0], [-0.33113308926626095, -0.6334350665500683, -0.43892273876741095, -0.25352054329048834, -0.14340166183411704, -0.460022847871187, 0.0, 0.0, 0.0], [-0.6622661785325219, -0.18639735125413484, 0.3621591306812129, 0.004953035200779151, -0.37767598085682047, 0.5028286201159783, 0.0, 0.0, 0.0], [-0.39735970711951313, 0.3923822207756533, -0.2811199716266666, -0.5877098314114884, 0.4774814239079677, 0.18900174976645823, 0.0, 0.0, 0.0], [-0.4635863249727653, 0.1216321698861727, -0.23694371465642475, 0.7543164864698158, 0.35645290704712923, -0.13453242705505913, 0.0, 0.0, 0.0]], "dtype": "float64", "shape": [6, 9], "Corder": true}, {"__ndarray__": [[0.19682713252204917, 0.22461329241619948, 0.08262513820336338, -0.08484027834331248, 0.7990860980453418, 0.17118654440833075, 0.35784780601443733, -0.05831346726566584], [0.19682713252204917, -0.12610613959850897, -0.09886554855157, -0.026607476442130792, 0.2064129825470897, -0.806339901781625, 0.07246506103419527, 0.4773913220685389], [-0.29524069878307374, -0.4245997966279763, -0.41716938914897134, 0.1438366930777394, 0.05446617869686935, -0.00012600912298626235, 0.6345725681165904, -0.24251455935193214], [-0.14762034939153687, -0.15384665964487007, -0.0544067417044003, -0.5935725281850757, 0.32266508525331117, -0.17831674552395546, -0.4032333783577246, -0.4620797589626042], [-0.4920678313051229, 0.3444919683308315, 0.014429085119976577, 0.4884038403961793, 0.3620175389311474, 0.018343317796767393, -0.253998422222104, 0.1528411283235244], [0.4428610481746106, -0.006085930418334352, -0.739724717640558, 0.28284134756926327, 0.10773699325547358, 0.11646740152506899, -0.37002255004927215, -0.10283224233561394], [0.34444748191358604, -0.43988538930658355, 0.20927163112330494, -0.0672937087223337, 0.15865130892240492, 0.457733488380744, -0.05455396030516912, 0.39624522847120064], [-0.24603391565256144, -0.6460993572022373, 0.20338379885312602, 0.3219432942869326, 0.20902711249737918, -0.04114385513243527, -0.30609153979357046, -0.026162229760176934], [0.4428610481746106, -0.006085930418334352, 0.41695066308367557, 0.43859247793137823, -0.015787238265144707, -0.2521911102113264, 0.05756917298028659, -0.552029370672713]], "dtype": "float64", "shape": [9, 8], "Corder": true}, {"__ndarray__": [[0.395574541147319, 0.19536429225152432, 0.3549577866467746, -0.038085319843871895, 0.18190899985276357, -0.03406887576759588], [0.395574541147319, 0.1501697246435642, -0.5166726068982194, -0.04748181931181826, 0.32094455551739104, 0.35978210183507825], [0.34612772350390414, -0.5521693260072777, 0.0884922571120506, 0.21261182940871654, -0.28593445760268105, 0.5692910929271889], [-0.34612772350390414, -0.30652745854396407, -0.23947915768633193, -0.10983131629680597, -0.2865723210427465, -0.23671800523148398], [-0.049446817643414874, 0.38233057194020026, 0.3035573091490835, -0.4711933997022144, -0.5690871746103232, 0.3715818136630259], [-0.1977872705736595, -0.052487578517802065, -0.5352614745860608, -0.43316497872155685, -0.010950810130056875, 0.24998969906962767], [-0.29668090586048923, -0.23691235440456343, 0.36916771548759203, -0.4500799693877894, 0.6063824846909068, 0.2595041570108352], [-0.4450213587907339, -0.17459026117500476, 0.1382232708478978, 0.40905441331759906, 0.05407144198665439, 0.3308451682013222], [-0.34612772350390414, 0.5521693260072777, -0.0884922571120506, 0.39934404539284607, 0.07360657373527373, 0.334513918547446]], "dtype": "float64", "shape": [9, 6], "Corder": true}, {"__ndarray__": [[-0.2760262237369417, -0.4671054342275653, 0.22783537234969034], [0.3450327796711771, 0.3568166511460568, -0.1507334178743565], [0.48304589153964794, -0.5197268797501151, -0.3113214857503992], [0.2760262237369417, -0.3402372915978562, 0.5741787968527639], [0.0, -0.05045892036408885, -0.4668009807965955], [-0.5520524474738834, 0.12542645919073514, 0.18965498775208178], [-0.41403933560541256, -0.24652786806454838, -0.49145629114400713], [-0.13801311186847084, -0.435388398570138, -0.05802297338244728]], "dtype": "float64", "shape": [8, 3], "Corder": true}, {"__ndarray__": [[0.13018891098082389, 0.6015724397021719, 0.48618320887993116, 0.6203122880063046, 0.0], [0.9113223768657671, -0.34278278639633214, -0.08818028788508596, 0.21027535186654228, 0.0], [-0.39056673294247163, -0.5993023550240505, -0.04369293543855584, 0.697413250357372, 0.0], [0.0, 0.4018049880274885, -0.868297789715302, 0.29088090341538564, 0.0]], "dtype": "float64", "shape": [4, 5], "Corder": true}, {"__ndarray__": [[0.0, -0.35929023888601563, 0.2836531769846003, 0.3394966316495694, -0.5798525677042223, -0.4090249783444946], [-0.43685202833051895, -0.20240931015105312, 0.2590800140586616, -0.11493927992418748, -0.07351385945676299, 0.7394073489456507], [-0.0873704056661038, -0.27042761491726064, -0.33279950283647747, -0.6485321986094779, 0.1484072404619183, -0.31012531682942307], [-0.3494816226644152, 0.2835924480978169, 0.23905743685974865, 0.4031039391056783, 0.5473033340365752, -0.23926109865567619], [0.0, -0.7185804777720313, 0.1759559814449927, 0.09268303660777819, 0.5236792407083704, -0.09754807429480263], [-0.26211121699831136, 0.266587871906265, -0.34918161145377, 0.077215217571302, 0.06362786478720116, -0.12166880417344181], [-0.6989632453288304, 0.06417856175521199, 0.2360237130417315, -0.2940634303858586, -0.2107621217772916, -0.3113070637403316], [0.3494816226644152, 0.29127193411980806, 0.689868796217092, -0.4329186580451661, 0.11870947486691871, -0.1063989722917131]], "dtype": "float64", "shape": [8, 6], "Corder": true}, {"__ndarray__": [[0.5547001962252291, 0.8320502943378437, 0.0, 0.0, 0.0, 0.0, 0.0], [-0.8320502943378437, 0.554700196225229, 0.0, 0.0, 0.0, 0.0, 0.0]], "dtype": "float64", "shape": [2, 7], "Corder": true}, {"__ndarray__": [[0.47963209687927216, -0.45805947733922314, 0.3546619256446207, -0.6590519595304756], [0.5481509678620253, 0.03231707968957737, -0.8326790464927376, -0.07163608255766052], [0.5481509678620253, -0.26696718004433234, 0.28691939925522214, 0.7388750229518684], [0.411113225896519, 0.8472695240354348, 0.3139072830646295, -0.12075796774005623]], "dtype": "float64", "shape": [4, 4], "Corder": true}, {"__ndarray__": [[0.4351941398892446, 0.6818459516966937, 0.5126872896653649, -0.09761375808163301, -0.270768269946191, 0.0, 0.0], [-0.26111648393354675, 0.5340924772615309, -0.039041383281028276, 0.21502732482767922, 0.773823253411125, 0.0, 0.0], [-0.08703882797784893, 0.39118337903735706, -0.5981778312271385, 0.5095284987926608, -0.4711303402835061, 0.0, 0.0], [-0.3481553119113957, -0.1937750484395577, 0.6073773241637787, 0.6728410668588374, -0.1400599665501729, 0.0, 0.0], [0.7833494518006403, -0.24342990460219435, -0.09435879252688155, 0.48156039234657916, 0.2937712114977925, 0.0, 0.0]], "dtype": "float64", "shape": [5, 7], "Corder": true}, {"__ndarray__": [[-0.5263613559678152, -0.20804539592658264, 0.5082023110355641, -0.26013869009522156, -0.43964003164115595, -0.39682734099414274, -0.05444091447808609, 0.0], [0.0657951694959769, -0.4040789329659492, 0.12112125915867294, 0.6988376063799514, -0.4094361878495267, 0.2299175179049887, 0.3299193767160539, 0.0], [0.3289758474798845, 0.4213760097635404, -0.16521694540268786, -0.16923461276099921, -0.7785614768897755, 0.13034928109005262, -0.18743331771221028, 0.0], [0.1315903389919538, 0.3017378952468681, 0.6497067113044585, -0.2386253150804869, 0.111708947897873, 0.4746244037929232, 0.4181269661579107, 0.0], [0.0657951694959769, 0.5948272520949407, 0.30160427869217155, 0.5487665697571549, 0.10774263908279623, -0.4796685171464976, -0.08972894855993951, 0.0], [-0.657951694959769, 0.2671437416516858, -0.06025086258566608, 0.233013805685085, 0.010633087262120467, 0.5428542098039218, -0.378159268916123, 0.0], [-0.39477101697586137, 0.3156716515560388, -0.4278426048302551, -0.05414134231965727, -0.09338227615197013, -0.1504465260485793, 0.7260662961494677, 0.0]], "dtype": "float64", "shape": [7, 8], "Corder": true}, {"__ndarray__": [[-0.9615239476408232, -0.27472112789737807, 0.0, 0.0, 0.0, 0.0, 0.0, 0.0, 0.0], [0.27472112789737807, -0.961523947640823, 0.0, 0.0, 0.0, 0.0, 0.0, 0.0, 0.0]], "dtype": "float64", "shape": [2, 9], "Corder": true}, {"__ndarray__": [[0.0, -0.5070507807251039, 0.16639372768666127], [0.35294117647058826, -0.3641564238348689, 0.2836547630562963], [-0.35294117647058826, -0.4245892350708483, 0.36021426649549815], [0.35294117647058826, -0.026122570018132986, -0.6176080381837165], [0.5294117647058824, 0.4678669256979044, 0.5486564100470288], [-0.47058823529411764, 0.2789656544473755, -0.10101167137437578], [0.35294117647058826, -0.3641564238348689, -0.26349930194679194]], "dtype": "float64", "shape": [7, 3], "Corder": true}, {"__ndarray__": [[0.33567254331867563, -0.04298405800292351, -0.3898779800101849, 0.5942636023392901, -0.09509244543374076, -0.2160657499169585], [0.0, -0.14532705324797945, -0.8464433625750273, -0.4303562275788927, -0.22151078072817929, 0.07662965222546968], [0.08391813582966891, -0.04707777781272574, -0.13397381603384625, 0.4931841802358048, -0.0013987399698688744, -0.33417185207956573], [0.0, -0.6539717396159076, 0.19343960241138974, -0.2801241949496684, -0.0706480344953281, -0.6624600304444974], [0.4195906791483446, 0.6365734304242481, 0.10617375623199407, -0.3122694167467827, -0.35051109906611005, -0.43190352891682715], [-0.5035088149780135, -0.008187439619604466, 0.11156485455277597, 0.20578110335549718, -0.8293660519366215, 0.0484767806784243], [0.6713450866373513, -0.37662222250180594, 0.22900076027890917, -0.00927561071575843, -0.3552340368230438, 0.45610164755026]], "dtype": "float64", "shape": [7, 6], "Corder": true}, {"__ndarray__": [[-0.4016096644512494, 0.5024033360914112], [0.4016096644512494, 0.030970068663169155], [-0.8032193289024988, -0.16861481827725439], [-0.16064386578049977, 0.07295171729546518], [0.0, 0.21334936190183215], [-0.08032193289024989, -0.816921588959596]], "dtype": "float64", "shape": [6, 2], "Corder": true}, {"__ndarray__": [[-0.30542361089076303, -0.2793323566305241, -0.4290601380705564, -0.5451311087321792], [0.12216944435630522, 0.5119926403069087, 0.02942445946600341, -0.020063827833897072], [0.0, -0.25016231103418696, 0.5219124119540458, -0.6596329331973367], [-0.5497624996033735, 0.13511565120223343, 0.6194006230561294, 0.20277357795141476], [-0.24433888871261045, -0.5862012363039903, 0.1159502865858635, 0.32951883297736884], [0.36650833306891567, -0.09007710080148895, 0.23847333651016991, -0.003910198636550075], [-0.5497624996033735, 0.07257507344368669, -0.2938530809463831, 0.12415030965326307], [-0.30542361089076303, 0.47115457647203685, 0.048252120602927516, -0.31966472483555464]], "dtype": "float64", "shape": [8, 4], "Corder": true}, {"__ndarray__": [[-0.9938837346736188, 0.11043152607484663, 0.0, 0.0, 0.0, 0.0, 0.0, 0.0, 0.0], [0.11043152607484653, 0.9938837346736189, 0.0, 0.0, 0.0, 0.0, 0.0, 0.0, 0.0]], "dtype": "float64", "shape": [2, 9], "Corder": true}, {"__ndarray__": [[-0.6467616667635546, 0.2760549820692575, -0.25362737455979445, 0.47289541879964303], [0.0, -0.592376048479613, -0.18787861839340034, -0.4121177945277987], [0.3233808333817773, 0.6024425695648874, -0.6144493221505101, -0.3703805757207976], [0.242535625036333, -0.43673214554575385, -0.6577756772532304, 0.4967297812591903], [-0.6467616667635546, -0.13860825186647158, -0.3002631654854219, -0.4718120386878454]], "dtype": "float64", "shape": [5, 4], "Corder": true}, {"__ndarray__": [[0.0, 0.47882205882468026, -0.7313614955147478, -0.11159843676589878, -0.1820438053375151, 0.0690723934609192, -0.34165678761080726, -0.2621932200725534], [0.39477101697586137, 0.1554617074106105, 0.1716844267356953, 0.4497444427508934, -0.3981722476960284, -0.4282420099704856, -0.3982428100259213, 0.29616245852527473], [-0.39477101697586137, -0.5278788642742507, -0.4723776383729666, 0.1398395973732593, 0.16418040913446422, -0.23054795641236017, -0.23898456895920772, 0.4307932351255543], [0.0657951694959769, 0.3894603662686553, 0.1533380806159188, -0.45781319456137987, 0.3851371775635194, 0.10891847435053843, -0.28318916105278874, 0.6086839493211444], [-0.19738550848793068, 0.16168017570703488, 0.18390275722279062, 0.57738152637658, 0.535313990371195, 0.24476290204062362, -0.3924508896339413, -0.2592704831450302], [-0.5263613559678152, 0.3424763835845597, 0.17993188177269825, -0.1279927672555201, 0.08163258915322372, -0.7123714298786337, 0.09142903696741084, -0.18547187539516202], [0.592156525463792, -0.2190282722185045, -0.1553772009708889, -0.1706088158443479, 0.5284071788610436, -0.42042292398652115, -0.05623791168166211, -0.2983211998814196], [0.1315903389919538, 0.35330112469315034, -0.31407616833996643, 0.4210329529901421, 0.2461584190047089, -0.051815285015147615, 0.6494797197127453, 0.3112025283084604]], "dtype": "float64", "shape": [8, 8], "Corder": true}, {"__ndarray__": [[0.09841356626102458, -0.6111514236558271, -0.263178501682849, -0.5513810286595844], [-0.14762034939153687, 0.06706755973242805, 0.34365368153154074, -0.25542035590733075], [0.29524069878307374, -0.07749114774810194, 0.22996249653245646, 0.25152665134201097], [0.24603391565256144, 0.39801647923007405, -0.36763763062820703, 0.23000386957830413], [-0.14762034939153687, 0.4635753617497072, -0.48553788716305885, -0.4781784978733229], [-0.4920678313051229, -0.34288118472611484, -0.2809633582721668, 0.16806414694035823], [-0.4920678313051229, 0.33684647587493516, 0.3072849758653463, -0.21858809888173308], [-0.4428610481746106, -0.08201717938648669, -0.3384650795231637, 0.45768083448454494], [0.34444748191358604, 0.07008491415801787, -0.3176931399084625, -0.020475109859888735]], "dtype": "float64", "shape": [9, 4], "Corder": true}, {"__ndarray__": [[0.4180398085749706, -0.18671702849821767, 0.3522986952369129, -0.4589528732586788, -0.5619331753511994], [-0.13934660285832354, -0.41262158149606126, -0.3907766245329722, 0.11997776881254918, 0.20115513070507515], [0.48771311000413237, 0.13830890999867976, -0.11630468752245075, -0.05102942367597029, 0.3695852295188583], [0.6270597128624559, 0.3926436278295853, -0.19636807435504322, 0.11746259169757547, 0.1701167734035393], [0.34836650714580886, -0.5117429669951151, -0.4810137025477531, 0.25310189103698716, -0.34905739247491757], [-0.06967330142916177, 0.2289780843311476, -0.0804394571292103, 0.4795924589485061, -0.45396098794678846], [0.06967330142916177, 0.1667390748317417, 0.3624723864191014, 0.6127711057321391, -0.13885929943591743], [0.2090199042874853, -0.528647389328287, 0.5494189101851918, 0.2983424385540728, 0.3619823400390653]], "dtype": "float64", "shape": [8, 5], "Corder": true}, {"__ndarray__": [[-0.562543950463012, 0.20432223935171562, 0.4627463760558427], [-0.6750527405556144, -0.49109029458219383, -0.23264633932134662], [-0.1125087900926024, 0.5081171478615034, -0.7829376236231119], [0.4500351603704096, -0.47495959147547934, -0.051455480987740505], [0.1125087900926024, 0.4830249430288366, 0.34073814467898356]], "dtype": "float64", "shape": [5, 3], "Corder": true}, {"__ndarray__": [[0.10540925533894598, 0.4851909237706193, 0.0003952993634957423, 0.25266316701268027, 0.44853243339071674], [-0.21081851067789195, -0.3646579956712346, -0.3182762875169458, -0.7039857073508404, 0.3626058056686138], [0.4216370213557839, -0.5371975171129934, -0.14588556509754916, 0.21429709101832886, -0.4453610209230509], [-0.10540925533894598, 0.4509277563921139, 0.23208092630724766, -0.5046841997317686, -0.6277160927840494], [0.21081851067789195, 0.3646579956712346, -0.8748979912541639, -0.01636493727697689, -0.16343590323067542], [-0.8432740427115678, -0.08198686479856618, -0.2410589118510482, 0.3737221588706863, -0.21965987191450168]], "dtype": "float64", "shape": [6, 5], "Corder": true}, {"__ndarray__": [[0.35603449745815596, -0.462794171264838, -0.371101823735443, -0.0242541829318842, -0.7216343691188383, 0.0, 0.0], [0.4747126632775413, 0.4638090707632258, -0.025211847683134735, 0.7437927852069985, -0.07527076864304606, 0.0, 0.0], [0.7120689949163119, -0.2770675630598702, -0.11177996185177369, -0.22536457054046774, 0.5940600663674211, 0.0, 0.0], [0.11867816581938533, -0.44249618129708196, 0.8551947979597756, 0.21856675256418567, -0.10480007018762917, 0.0, 0.0], [0.35603449745815596, 0.5460159301326378, 0.3432126116965771, -0.589595973784573, -0.3311913820294004, 0.0, 0.0]], "dtype": "float64", "shape": [5, 7], "Corder": true}, {"__ndarray__": [[-0.2300894966542111, -0.0034035600275353585, 0.14553013517535718, -0.5879440820645275, 0.5395777652621554], [0.0, -0.3857368031206748, 0.6966927213184466, -0.19646936694265096, -0.5524164942846783], [-0.4601789933084222, 0.37892968306560415, 0.5868317960619241, 0.2085293915413933, 0.28950789415766515], [0.30678599553894814, -0.3169092558971819, 0.2624790566528556, 0.658371752369669, 0.4153360633626331], [0.2300894966542111, -0.5752016446534769, 0.031102730651363354, -0.2963842575511579, 0.37986097716372264], [-0.7669649888473704, -0.5256609375860176, -0.2814356763332105, 0.22569901337704254, -0.055485347579075764]], "dtype": "float64", "shape": [6, 5], "Corder": true}, {"__ndarray__": [[0.9922778767136677, 0.12403473458920802], [0.12403473458920847, -0.9922778767136677]], "dtype": "float64", "shape": [2, 2], "Corder": true}, {"__ndarray__": [[0.3969335839866199, -0.3801117713026548, -0.7603684695050739, -0.23270481187070138, 0.2562167682557642, 0.0], [0.0, 0.7164530962128828, -0.10500199608838673, -0.07196709622817113, 0.6859229394071271, 0.0], [0.5103431794113684, 0.023037077048645743, 0.46619614241027046, -0.7217150776827485, -0.028418933064373212, 0.0], [-0.5670479771237427, 0.23596548919827134, -0.35112110552499504, -0.6059258666342197, -0.36379210126907274, 0.0], [-0.5103431794113684, -0.5347892886292763, 0.26493300560076294, -0.229456746210829, 0.5750742214335242, 0.0]], "dtype": "float64", "shape": [5, 6], "Corder": true}, {"__ndarray__": [[-0.4472135954999579, 0.894427190999916, 0.0], [0.8944271909999159, 0.4472135954999579, 0.0]], "dtype": "float64", "shape": [2, 3], "Corder": true}, {"__ndarray__": [[-0.7592566023652966, -0.6507913734559687, 0.0, 0.0, 0.0, 0.0, 0.0], [-0.6507913734559685, 0.7592566023652965, 0.0, 0.0, 0.0, 0.0, 0.0]], "dtype": "float64", "shape": [2, 7], "Corder": true}, {"__ndarray__": [[0.9284766908852594, 0.3713906763541036], [-0.3713906763541037, 0.9284766908852593]], "dtype": "float64", "shape": [2, 2], "Corder": true}, {"__ndarray__": [[0.0, -0.3840017478026715], [-0.6412234498911868, -0.20662022978214808], [0.21374114996372895, -0.40655732544735335], [-0.35623524993954825, 0.47645176975371345], [-0.35623524993954825, -0.45612390348134585], [0.49872934991536755, 0.05708510391555304], [-0.1424940999758193, 0.45389619210903154], [0.1424940999758193, -0.015037051763121293]], "dtype": "float64", "shape": [8, 2], "Corder": true}, {"__ndarray__": [[-0.5547001962252291, -0.8320502943378439, 0.0, 0.0, 0.0, 0.0, 0.0, 0.0, 0.0], [0.8320502943378437, -0.5547001962252287, 0.0, 0.0, 0.0, 0.0, 0.0, 0.0, 0.0]], "dtype": "float64", "shape": [2, 9], "Corder": true}, {"__ndarray__": [[0.457495710997814, -0.04923473147510303, -0.8878477434983879], [-0.457495710997814, 0.843144776511139, -0.2824970092949415], [-0.7624928516630234, -0.5354277047917451, -0.3632104405220678]], "dtype": "float64", "shape": [3, 3], "Corder": true}, {"__ndarray__": [[-0.6507913734559685, 0.3178536264305498, -0.6895213270089928, 0.0, 0.0, 0.0, 0.0, 0.0, 0.0], [0.7592566023652966, 0.27244596551189987, -0.5910182802934225, 0.0, 0.0, 0.0, 0.0, 0.0, 0.0], [0.0, 0.9081532183729996, 0.41863794854117464, 0.0, 0.0, 0.0, 0.0, 0.0, 0.0]], "dtype": "float64", "shape": [3, 9], "Corder": true}, {"__ndarray__": [[0.5062895554167107, 0.24940214098746297, 0.419070793492525, -0.05498065954303775, 0.24712923296677095, -0.15754244948831822], [-0.0562543950463012, -0.44972514579667017, 0.3836270398731946, -0.354136725923024, 0.1879679581936533, 0.3327239132716248], [-0.3937807653241084, -0.046274614110926864, -0.36560326483158245, -0.4082866724173579, -0.2672808588604086, -0.24390783103265187], [0.1125087900926024, -0.2399869597614302, 0.3877995437953278, 0.3185979358879441, -0.5916348288871095, -0.4559519997031694], [0.5062895554167107, -0.38361855420963176, -0.1739294291515576, -0.5749876999118977, -0.023735392226956642, -0.24416815674935685], [-0.0562543950463012, 0.24659761892013404, 0.14436142619579279, -0.10652014177497032, 0.12136468268604311, 0.23240134321492734], [-0.0562543950463012, -0.06991272867841332, -0.21674490676290734, 0.19431219641214634, 0.6407945959604802, -0.5919441415807917], [-0.3937807653241084, 0.39683987252703945, 0.4629767094938923, -0.44166052711381104, 0.012992068193098795, -0.36299890580673644], [0.3937807653241084, 0.5526911702686027, -0.2841448135310161, -0.1690651006693571, -0.23673845810215738, 0.0360190589393509]], "dtype": "float64", "shape": [9, 6], "Corder": true}, {"__ndarray__": [[0.3802345503146868, -0.565685424949238, 0.515293335341569, -0.30015951796094925, -0.3723550894289007, -0.20285565423077556, 0.0, 0.0], [0.25348970020979117, -0.565685424949238, -0.22924765947095113, -0.06176154212390844, 0.6726576260720031, 0.3269643902878311, 0.0, 0.0], [-0.57035182547